0.044444 1.000000 
0.058730 2.000000 
0.076190 3.000000 
0.098413 4.000000 
0.119048 5.000000 
0.138095 6.000000 
0.147619 7.000000 
0.165079 8.000000 
0.174603 9.000000 
0.184127 10.000000 
0.203175 11.000000 
0.212698 12.000000 
0.220635 13.000000 
0.234921 14.000000 
0.242857 15.000000 
0.255556 16.000000 
0.269841 17.000000 
0.277778 18.000000 
0.288889 19.000000 
0.293651 20.000000 
0.296825 21.000000 
0.303175 22.000000 
0.311111 23.000000 
0.323810 24.000000 
0.333333 25.000000 
0.347619 26.000000 
0.350794 27.000000 
0.360317 28.000000 
0.371429 29.000000 
0.382540 30.000000 
0.395238 31.000000 
0.400000 32.000000 
0.412698 33.000000 
0.422222 34.000000 
0.433333 35.000000 
0.441270 36.000000 
0.450794 37.000000 
0.465079 38.000000 
0.471429 39.000000 
0.487302 40.000000 
0.493651 41.000000 
0.500000 42.000000 
0.504762 43.000000 
0.512698 44.000000 
0.525397 45.000000 
0.528571 46.000000 
0.531746 47.000000 
0.538095 48.000000 
0.539683 49.000000 
0.544444 50.000000 
0.549206 51.000000 
0.555556 52.000000 
0.560317 53.000000 
0.563492 54.000000 
0.566667 55.000000 
0.576190 56.000000 
0.580952 57.000000 
0.590476 58.000000 
0.598413 59.000000 
0.607937 60.000000 
0.611111 61.000000 
0.619048 62.000000 
0.625397 63.000000 
0.626984 64.000000 
0.630159 65.000000 
0.631746 66.000000 
0.636508 67.000000 
0.641270 68.000000 
0.647619 69.000000 
0.650794 70.000000 
0.652381 71.000000 
0.655556 73.000000 
0.663492 74.000000 
0.666667 75.000000 
0.671429 76.000000 
0.680952 77.000000 
0.682540 78.000000 
0.688889 79.000000 
0.692063 81.000000 
0.695238 82.000000 
0.703175 85.000000 
0.706349 87.000000 
0.709524 88.000000 
0.711111 89.000000 
0.722222 90.000000 
0.728571 91.000000 
0.731746 92.000000 
0.741270 93.000000 
0.744444 94.000000 
0.757143 95.000000 
0.761905 96.000000 
0.766667 97.000000 
0.769841 98.000000 
0.774603 99.000000 
0.780952 100.000000 
0.787302 101.000000 
0.790476 102.000000 
0.792063 103.000000 
0.795238 104.000000 
0.796825 105.000000 
0.800000 107.000000 
0.801587 108.000000 
0.806349 109.000000 
0.809524 111.000000 
0.811111 113.000000 
0.812698 115.000000 
0.815873 116.000000 
0.819048 117.000000 
0.822222 118.000000 
0.823810 119.000000 
0.826984 120.000000 
0.828571 123.000000 
0.833333 124.000000 
0.834921 125.000000 
0.836508 126.000000 
0.838095 130.000000 
0.846032 131.000000 
0.847619 132.000000 
0.849206 133.000000 
0.852381 134.000000 
0.857143 137.000000 
0.863492 138.000000 
0.865079 139.000000 
0.868254 141.000000 
0.869841 142.000000 
0.871429 143.000000 
0.876190 144.000000 
0.877778 145.000000 
0.882540 146.000000 
0.884127 150.000000 
0.887302 154.000000 
0.888889 155.000000 
0.890476 157.000000 
0.892063 161.000000 
0.895238 164.000000 
0.901587 168.000000 
0.904762 169.000000 
0.906349 171.000000 
0.907937 172.000000 
0.909524 173.000000 
0.912698 179.000000 
0.914286 181.000000 
0.915873 182.000000 
0.917460 185.000000 
0.919048 189.000000 
0.920635 191.000000 
0.922222 193.000000 
0.925397 198.000000 
0.928571 199.000000 
0.931746 202.000000 
0.933333 206.000000 
0.934921 214.000000 
0.936508 215.000000 
0.938095 219.000000 
0.939683 223.000000 
0.941270 224.000000 
0.944444 230.000000 
0.946032 233.000000 
0.947619 242.000000 
0.949206 243.000000 
0.950794 248.000000 
0.952381 251.000000 
0.953968 253.000000 
0.955556 258.000000 
0.958730 262.000000 
0.960317 264.000000 
0.961905 266.000000 
0.963492 267.000000 
0.965079 268.000000 
0.966667 271.000000 
0.968254 284.000000 
0.969841 287.000000 
0.971429 299.000000 
0.973016 308.000000 
0.974603 321.000000 
0.976190 325.000000 
0.977778 330.000000 
0.979365 333.000000 
0.980952 358.000000 
0.982540 362.000000 
0.984127 382.000000 
0.985714 383.000000 
0.987302 384.000000 
0.988889 401.000000 
0.990476 433.000000 
0.992063 448.000000 
0.993651 484.000000 
0.995238 506.000000 
0.996825 537.000000 
0.998413 626.000000 
1.000000 627.000000 
