0.044444
0.058730
0.076190
0.098413
0.119048
0.138095
0.147619
0.165079
0.174603
0.184127
0.203175
0.212698
0.220635
0.234921
0.242857
0.255556
0.269841
0.277778
0.288889
0.293651
0.296825
0.303175
0.311111
0.323810
0.333333
0.347619
0.350794
0.360317
0.371429
0.382540
0.395238
0.400000
0.412698
0.422222
0.433333
0.441270
0.450794
0.465079
0.471429
0.487302
0.493651
0.500000
0.504762
0.512698
0.525397
0.528571
0.531746
0.538095
0.539683
0.544444
0.549206
0.555556
0.560317
0.563492
0.566667
0.576190
0.580952
0.590476
0.598413
0.607937
0.611111
0.619048
0.625397
0.626984
0.630159
0.631746
0.636508
0.641270
0.647619
0.650794
0.652381
0.655556
0.663492
0.666667
0.671429
0.680952
0.682540
0.688889
0.692063
0.695238
0.703175
0.706349
0.709524
0.711111
0.722222
0.728571
0.731746
0.741270
0.744444
0.757143
0.761905
0.766667
0.769841
0.774603
0.780952
0.787302
0.790476
0.792063
0.795238
0.796825
0.800000
0.801587
0.806349
0.809524
0.811111
0.812698
0.815873
0.819048
0.822222
0.823810
0.826984
0.828571
0.833333
0.834921
0.836508
0.838095
0.846032
0.847619
0.849206
0.852381
0.857143
0.863492
0.865079
0.868254
0.869841
0.871429
0.876190
0.877778
0.882540
0.884127
0.887302
0.888889
0.890476
0.892063
0.895238
0.901587
0.904762
0.906349
0.907937
0.909524
0.912698
0.914286
0.915873
0.917460
0.919048
0.920635
0.922222
0.925397
0.928571
0.931746
0.933333
0.934921
0.936508
0.938095
0.939683
0.941270
0.944444
0.946032
0.947619
0.949206
0.950794
0.952381
0.953968
0.955556
0.958730
0.960317
0.961905
0.963492
0.965079
0.966667
0.968254
0.969841
0.971429
0.973016
0.974603
0.976190
0.977778
0.979365
0.980952
0.982540
0.984127
0.985714
0.987302
0.988889
0.990476
0.992063
0.993651
0.995238
0.996825
0.998413
1.000000
